5.1 6879.38
5.10201 6885.71
5.10401 6892.05
5.10602 6898.37
5.10803 6904.65
5.11003 6910.86
5.11204 7019.75
5.11405 7033.17
5.11605 7046.85
5.11806 7060.77
5.12007 7074.93
5.12207 7089.31
5.12408 7103.91
5.12609 7118.72
5.12809 7133.72
5.1301 7148.91
5.13211 7164.28
5.13411 7179.81
5.13612 7195.49
5.13813 7211.33
5.14013 7227.29
5.14214 7243.39
5.14415 7259.6
5.14615 7275.91
5.14816 7292.33
5.15017 7308.83
5.15217 7325.4
5.15418 7342.04
5.15619 7358.74
5.15819 7375.48
5.1602 7392.26
5.16221 7409.06
5.16421 7425.88
5.16622 7442.71
5.16823 7459.53
5.17023 7476.33
5.17224 7493.12
5.17425 7509.87
5.17625 7526.57
5.17826 7543.22
5.18027 7559.81
5.18227 7576.33
5.18428 7592.75
5.18629 7609.09
5.18829 7625.32
5.1903 7641.44
5.19231 7657.43
5.19431 7673.29
5.19632 7689
5.19833 7704.56
5.20033 7719.96
5.20234 7735.18
5.20435 7750.22
5.20635 7765.06
5.20836 7779.7
5.21037 7794.13
5.21237 7808.33
5.21438 7822.3
5.21639 7836.02
5.21839 7849.49
5.2204 7862.7
5.22241 7937.83
5.22441 7954.96
5.22642 7972.03
5.22843 7989.04
5.23043 8005.98
5.23244 8022.85
5.23445 8039.65
5.23645 8056.38
5.23846 8073.03
5.24047 8089.6
5.24247 8106.09
5.24448 8122.5
5.24649 8138.82
5.24849 8155.05
5.2505 8171.19
5.25251 8187.24
5.25452 8203.19
5.25652 8219.04
5.25853 8234.78
5.26054 8250.43
5.26254 8265.96
5.26455 8281.39
5.26656 8296.7
5.26856 8311.9
5.27057 8326.98
5.27258 8341.94
5.27458 8356.78
5.27659 8371.49
5.2786 8386.07
5.2806 8400.53
5.28261 8414.85
5.28462 8429.03
5.28662 8443.08
5.28863 8456.99
5.29064 8470.75
5.29264 8484.37
5.29465 8497.83
5.29666 8511.15
5.29866 8524.31
5.30067 8537.32
5.30268 8550.17
5.30468 8562.85
5.30669 8575.38
5.3087 8587.73
5.3107 8599.92
5.31271 8611.93
5.31472 8623.77
5.31672 8635.44
5.31873 8646.92
5.32074 8658.22
5.32274 8669.34
5.32475 8680.27
5.32676 8691
5.32876 8701.55
5.33077 8711.9
5.33278 8722.06
5.33478 8766.51
5.33679 8778.69
5.3388 8790.79
5.3408 8802.8
5.34281 8814.74
5.34482 8826.59
5.34682 8838.37
5.34883 8850.07
5.35084 8861.69
5.35284 8873.23
5.35485 8884.7
5.35686 8896.1
5.35886 8907.43
5.36087 8918.68
5.36288 8929.87
5.36488 8940.99
5.36689 8952.03
5.3689 8963.02
5.3709 8973.93
5.37291 8984.78
5.37492 8995.57
5.37692 9006.29
5.37893 9016.96
5.38094 9027.56
5.38294 9038.1
5.38495 9048.59
5.38696 9059.02
5.38896 9069.39
5.39097 9079.7
5.39298 9089.97
5.39498 9100.18
5.39699 9110.34
5.399 9120.44
5.401 9130.5
5.40301 9140.51
5.40502 9150.47
5.40702 9160.39
5.40903 9170.26
5.41104 9180.09
5.41304 9189.87
5.41505 9199.61
5.41706 9209.31
5.41906 9218.97
5.42107 9228.59
5.42308 9238.17
5.42508 9247.72
5.42709 9257.23
5.4291 9266.71
5.4311 9276.15
5.43311 9285.56
5.43512 9294.94
5.43712 9304.29
5.43913 9313.61
5.44114 9322.9
5.44314 9332.17
5.44515 9353.26
5.44716 9363.28
5.44916 9373.31
5.45117 9383.37
5.45318 9393.43
5.45518 9403.52
5.45719 9413.64
5.4592 9423.77
5.4612 9433.93
5.46321 9444.12
5.46522 9454.34
5.46722 9464.6
5.46923 9474.88
5.47124 9485.21
5.47324 9495.57
5.47525 9505.97
5.47726 9516.41
5.47926 9526.9
5.48127 9537.44
5.48328 9548.02
5.48528 9558.66
5.48729 9569.34
5.4893 9580.09
5.4913 9590.88
5.49331 9601.74
5.49532 9612.66
5.49732 9623.64
5.49933 9634.68
5.50134 9645.79
5.50334 9656.97
5.50535 9668.22
5.50736 9679.55
5.50936 9690.95
5.51137 9702.42
5.51338 9713.97
5.51538 9725.61
5.51739 9737.33
5.5194 9749.13
5.5214 9761.02
5.52341 9773
5.52542 9785.07
5.52742 9797.23
5.52943 9809.49
5.53144 9821.84
5.53344 9834.29
5.53545 9846.85
5.53746 9859.51
5.53946 9872.27
5.54147 9885.14
5.54348 9898.12
5.54548 9911.21
5.54749 9924.41
5.5495 9937.73
5.55151 9951.16
5.55351 9964.72
5.55552 9978.4
5.55753 9988.62
5.55953 10002.2
5.56154 10016
5.56355 10029.8
5.56555 10043.7
5.56756 10057.8
5.56957 10071.9
5.57157 10086.2
5.57358 10100.6
5.57559 10115.1
5.57759 10129.7
5.5796 10144.4
5.58161 10159.3
5.58361 10174.3
5.58562 10189.3
5.58763 10204.6
5.58963 10219.9
5.59164 10235.3
5.59365 10250.9
5.59565 10266.6
5.59766 10282.4
5.59967 10298.4
5.60167 10314.5
5.60368 10330.7
5.60569 10347
5.60769 10363.5
5.6097 10380.1
5.61171 10396.9
5.61371 10413.7
5.61572 10430.7
5.61773 10447.9
5.61973 10465.2
5.62174 10482.6
5.62375 10500.2
5.62575 10517.9
5.62776 10535.7
5.62977 10553.7
5.63177 10571.9
5.63378 10590.1
5.63579 10608.6
5.63779 10627.1
5.6398 10645.9
5.64181 10664.8
5.64381 10683.8
5.64582 10703
5.64783 10722.3
5.64983 10741.8
5.65184 10761.4
5.65385 10781.2
5.65585 10801.2
5.65786 10821.3
5.65987 10841.6
5.66187 10862
5.66388 10882.6
5.66589 10903.4
5.66789 10910.1
5.6699 10930.1
5.67191 10950.2
5.67391 10970.5
5.67592 10990.8
5.67793 11011.2
5.67993 11031.8
5.68194 11052.4
5.68395 11073.1
5.68595 11093.9
5.68796 11114.9
5.68997 11135.9
5.69197 11157
5.69398 11178.2
5.69599 11199.5
5.69799 11220.9
5.7 11242.3
